3,4,5,6,7,8,9
30,9,9,2,2,0,0
0,190,53,61,7,1,0
0,0,1972,501,103,16,2
0,0,0,2126,319,59,2
0,0,0,0,598,31,1
0,0,0,0,0,78,0
0,0,0,0,0,0,0
3,4,5,6,7,8,9
21,7,7,5,4,0,0
2,99,51,54,16,2,0
4,43,1620,352,131,25,2
2,40,304,2136,198,54,3
1,10,51,129,674,21,0
0,0,1,14,6,83,0
0,0,0,0,0,0,0
3,4,5,6,7,8,9
11,4,4,4,3,1,0
4,57,25,18,12,1,0
7,62,1651,595,113,22,0
7,60,292,1937,359,70,4
1,16,58,122,529,37,1
0,0,4,14,13,54,0
0,0,0,0,0,0,0
3,4,5,6,7,8,9
4,1,1,1,0,0,0
4,45,17,20,3,0,0
13,91,1488,551,148,19,1
6,46,472,1957,357,85,4
3,16,52,154,512,43,0
0,0,4,7,9,38,0
0,0,0,0,0,0,0
3,4,5,6,7,8,9
2,2,0,0,0,0,0
3,38,18,23,4,2,0
11,86,1527,683,155,29,0
11,62,415,1817,377,78,5
3,11,71,159,487,43,0
0,0,3,8,6,33,0
0,0,0,0,0,0,0
3,4,5,6,7,8,9
1,1,0,0,0,0,0
2,26,13,11,4,2,0
14,100,1382,610,137,30,0
10,60,557,1903,413,75,5
3,12,76,159,472,42,0
0,0,6,7,3,36,0
0,0,0,0,0,0,0
3,4,5,6,7,8,9
1,0,0,0,0,0,0
2,14,8,7,5,2,0
14,113,1409,669,162,27,0
10,63,545,1833,443,92,5
3,8,66,176,416,37,0
0,1,6,5,3,27,0
0,0,0,0,0,0,0
3,4,5,6,7,8,9
1,1,0,0,0,0,0
1,11,7,4,4,0,0
14,117,1306,633,167,30,2
14,61,639,1870,444,91,3
0,9,76,179,413,37,0
0,0,6,4,1,27,0
0,0,0,0,0,0,0
3,4,5,6,7,8,9
29,10,9,3,1,0,0
0,185,57,64,7,1,0
0,0,1859,489,103,13,2
0,0,0,1994,314,61,2
0,0,0,0,544,29,1
0,0,0,0,0,70,0
0,0,0,0,0,0,0
3,4,5,6,7,8,9
22,7,7,5,3,0,0
1,96,50,53,16,2,0
4,44,1527,338,136,22,2
2,38,291,2034,194,58,3
0,10,49,110,614,17,0
0,0,1,10,6,75,0
0,0,0,0,0,0,0
3,4,5,6,7,8,9
11,3,4,4,2,1,0
3,57,24,16,13,1,0
7,60,1542,553,117,17,0
8,58,289,1855,331,72,4
0,17,63,113,494,34,1
0,0,3,9,12,49,0
0,0,0,0,0,0,0
3,4,5,6,7,8,9
4,1,1,1,1,0,0
3,43,17,18,3,2,0
13,87,1394,529,149,17,1
7,47,461,1857,337,84,4
2,17,48,138,472,38,0
0,0,4,7,7,33,0
0,0,0,0,0,0,0
3,4,5,6,7,8,9
2,2,0,0,0,0,0
3,38,20,21,6,2,0
10,83,1439,644,165,28,0
12,60,404,1734,352,75,5
2,12,59,142,441,35,0
0,0,3,9,5,34,0
0,0,0,0,0,0,0
3,4,5,6,7,8,9
1,1,0,0,0,0,0
2,26,12,10,7,2,0
12,95,1297,578,152,26,0
12,61,547,1810,395,83,5
2,12,63,143,410,31,0
0,0,6,9,5,32,0
0,0,0,0,0,0,0
3,4,5,6,7,8,9
1,0,0,0,0,0,0
2,17,8,5,6,2,0
14,109,1331,630,171,23,0
10,61,523,1757,420,84,5
2,7,57,148,367,35,0
0,1,6,10,5,30,0
0,0,0,0,0,0,0
3,4,5,6,7,8,9
1,1,0,0,0,0,0
1,12,9,3,2,0,0
14,108,1228,600,175,25,2
12,67,614,1791,440,91,3
1,7,67,151,350,31,0
0,0,7,5,2,27,0
0,0,0,0,0,0,0
3,4,5,6,7,8,9
25,8,7,3,0,0,0
0,173,51,57,11,1,0
0,0,1751,483,103,13,2
0,0,0,1878,299,54,1
0,0,0,0,506,30,1
0,0,0,0,0,65,0
0,0,0,0,0,0,0
3,4,5,6,7,8,9
18,6,6,6,2,0,0
1,91,48,51,18,2,0
5,44,1417,317,139,21,2
1,31,291,1923,181,51,2
0,9,46,113,573,18,0
0,0,1,11,6,71,0
0,0,0,0,0,0,0
3,4,5,6,7,8,9
10,3,3,3,1,1,0
2,52,25,15,11,1,0
7,58,1449,534,116,17,0
6,52,273,1752,325,67,4
0,16,56,109,455,30,0
0,0,3,8,11,47,0
0,0,0,0,0,0,0
3,4,5,6,7,8,9
3,0,0,1,1,0,0
2,44,23,17,3,2,0
11,78,1293,499,148,17,1
6,43,447,1761,329,79,3
3,16,41,136,432,30,0
0,0,5,7,6,35,0
0,0,0,0,0,0,0
3,4,5,6,7,8,9
1,0,0,0,0,0,0
2,39,21,22,6,2,0
10,76,1334,613,157,29,0
10,55,396,1640,362,73,4
2,11,54,137,389,30,0
0,0,4,9,5,29,0
0,0,0,0,0,0,0
3,4,5,6,7,8,9
1,0,0,0,0,0,0
1,25,12,9,9,2,0
13,85,1232,565,156,25,0
8,60,499,1695,383,79,4
2,11,61,142,368,27,0
0,0,5,10,3,30,0
0,0,0,0,0,0,0
3,4,5,6,7,8,9
1,0,0,0,0,0,0
1,16,8,4,6,2,0
13,99,1242,598,180,23,0
8,60,505,1672,399,75,4
2,5,49,140,331,35,0
0,1,5,7,3,28,0
0,0,0,0,0,0,0
3,4,5,6,7,8,9
1,0,0,0,0,0,0
1,12,9,3,2,0,0
13,106,1161,567,179,24,1
9,55,575,1702,415,81,3
1,7,58,145,321,31,0
0,1,6,4,2,27,0
0,0,0,0,0,0,0
3,4,5,6,7,8,9
23,7,6,3,0,0,0
0,166,46,56,11,1,0
0,0,1659,456,102,12,2
0,0,0,1764,280,50,1
0,0,0,0,462,27,1
0,0,0,0,0,62,0
0,0,0,0,0,0,0
3,4,5,6,7,8,9
16,5,6,7,2,0,0
1,89,42,46,17,2,0
5,41,1340,311,130,18,2
1,28,280,1797,168,49,2
0,10,42,107,531,16,0
0,0,1,11,7,67,0
0,0,0,0,0,0,0
3,4,5,6,7,8,9
9,2,3,3,1,1,0
2,52,28,14,10,1,0
6,56,1368,504,109,14,0
6,46,252,1645,304,61,4
0,17,57,105,420,28,0
0,0,3,8,11,47,0
0,0,0,0,0,0,0
3,4,5,6,7,8,9
2,0,0,1,1,0,0
2,45,22,17,4,2,0
10,74,1237,467,141,14,1
6,38,410,1665,306,70,3
3,16,37,120,395,30,0
0,0,5,9,8,36,0
0,0,0,0,0,0,0
3,4,5,6,7,8,9
0,0,0,0,0,0,0
2,39,17,18,7,2,0
10,72,1276,583,161,24,0
10,51,362,1535,329,69,4
1,11,51,131,353,26,0
0,0,5,12,5,31,0
0,0,0,0,0,0,0
3,4,5,6,7,8,9
0,0,0,0,0,0,0
1,23,11,9,9,2,0
13,84,1173,538,151,22,0
8,56,464,1584,356,71,4
1,10,57,139,336,25,0
0,0,6,9,3,32,0
0,0,0,0,0,0,0
3,4,5,6,7,8,9
0,0,0,0,0,0,0
1,15,7,3,6,2,0
12,94,1187,563,167,19,1
9,56,468,1581,381,70,3
1,7,44,126,297,32,0
0,1,5,6,4,29,0
0,0,0,0,0,0,0
3,4,5,6,7,8,9
0,0,0,0,0,0,0
2,14,8,1,2,0,0
12,94,1123,560,164,19,2
8,57,524,1590,387,74,2
1,7,48,122,298,30,0
0,1,8,6,4,29,0
0,0,0,0,0,0,0
3,4,5,6,7,8,9
20,6,5,4,0,0,0
0,161,44,52,12,1,0
0,0,1533,425,92,12,2
0,0,0,1664,270,48,1
0,0,0,0,436,25,1
0,0,0,0,0,58,0
0,0,0,0,0,0,0
3,4,5,6,7,8,9
15,4,5,7,2,0,0
1,94,42,43,20,2,0
4,38,1228,291,116,18,2
0,22,264,1687,164,47,2
0,9,41,105,503,15,0
0,0,2,12,5,62,0
0,0,0,0,0,0,0
3,4,5,6,7,8,9
7,3,2,3,1,1,0
2,59,31,14,11,1,0
4,52,1256,474,102,16,0
6,38,238,1546,296,56,4
1,15,50,99,389,30,0
0,0,5,9,11,40,0
0,0,0,0,0,0,0
3,4,5,6,7,8,9
2,0,0,0,1,0,0
2,42,20,13,4,2,0
8,71,1132,436,139,19,0
6,38,387,1574,288,66,4
2,15,38,112,371,31,0
0,1,5,10,7,26,0
0,0,0,0,0,0,0
3,4,5,6,7,8,9
0,0,0,0,0,0,0
2,36,16,10,8,2,0
8,70,1169,531,142,25,0
10,50,346,1471,315,69,4
0,10,48,124,342,27,0
0,1,3,9,3,21,0
0,0,0,0,0,0,0
3,4,5,6,7,8,9
0,0,0,0,0,0,0
1,22,9,7,10,2,0
11,86,1080,493,139,25,0
8,50,434,1500,332,70,4
0,9,56,138,327,25,0
0,0,3,7,2,22,0
0,0,0,0,0,0,0
3,4,5,6,7,8,9
0,0,0,0,0,0,0
1,13,7,3,7,0,0
10,92,1085,525,146,22,1
9,53,442,1489,380,70,3
0,9,46,123,274,32,0
0,0,2,5,3,20,0
0,0,0,0,0,0,0
3,4,5,6,7,8,9
0,0,0,0,0,0,0
2,9,8,4,3,0,0
11,98,1036,518,147,17,1
7,53,483,1493,386,81,3
0,7,52,125,271,24,0
0,0,3,5,3,22,0
0,0,0,0,0,0,0
3,4,5,6,7,8,9
19,5,4,5,0,0,0
0,152,42,53,9,0,0
0,0,1426,422,90,8,2
0,0,0,1525,263,41,0
0,0,0,0,394,27,1
0,0,0,0,0,59,0
0,0,0,0,0,0,0
3,4,5,6,7,8,9
14,3,4,7,1,0,0
1,84,38,50,17,0,0
3,37,1141,281,116,15,2
1,24,248,1564,157,40,1
0,9,38,90,459,16,0
0,0,3,13,6,64,0
0,0,0,0,0,0,0
3,4,5,6,7,8,9
7,2,2,1,1,1,0
2,54,26,12,11,0,0
3,51,1177,474,93,11,1
6,35,220,1426,277,52,2
1,14,42,83,364,31,0
0,1,5,9,10,40,0
0,0,0,0,0,0,0
3,4,5,6,7,8,9
1,0,0,0,1,0,0
2,41,19,12,5,2,0
8,69,1063,425,127,13,0
6,32,352,1465,279,62,3
2,14,34,93,337,33,0
0,1,4,10,7,25,0
0,0,0,0,0,0,0
3,4,5,6,7,8,9
0,0,0,0,0,0,0
2,33,14,8,9,2,0
7,71,1087,522,135,18,1
10,43,323,1349,289,68,2
0,10,45,117,320,26,0
0,0,3,9,3,21,0
0,0,0,0,0,0,0
3,4,5,6,7,8,9
0,0,0,0,0,0,0
2,23,7,5,7,2,0
9,83,1006,459,133,20,1
8,42,413,1410,309,64,2
0,9,43,124,303,26,0
0,0,3,7,4,23,0
0,0,0,0,0,0,0
3,4,5,6,7,8,9
0,0,0,0,0,0,0
2,12,6,3,4,0,0
9,89,1013,502,135,18,1
8,48,404,1393,350,71,2
0,8,47,102,262,27,0
0,0,2,5,5,19,0
0,0,0,0,0,0,0
3,4,5,6,7,8,9
0,0,0,0,0,0,0
2,9,6,5,2,0,0
9,95,970,481,136,19,1
8,46,449,1411,358,68,2
0,7,44,104,256,24,0
0,0,3,4,4,24,0
0,0,0,0,0,0,0
3,4,5,6,7,8,9
13,2,4,4,0,0,0
0,147,43,50,12,0,0
0,0,1327,397,93,9,2
0,0,0,1406,253,37,0
0,0,0,0,350,29,1
0,0,0,0,0,44,0
0,0,0,0,0,0,0
3,4,5,6,7,8,9
9,2,3,5,1,0,0
0,83,41,52,16,1,0
3,33,1057,276,116,18,2
1,24,236,1431,161,36,1
0,7,35,85,412,14,0
0,0,2,8,2,50,0
0,0,0,0,0,0,0
3,4,5,6,7,8,9
6,2,0,0,1,1,0
0,56,26,16,15,2,0
3,48,1084,442,87,13,1
4,32,213,1313,266,44,2
0,11,48,79,332,32,0
0,0,3,7,7,27,0
0,0,0,0,0,0,0
3,4,5,6,7,8,9
1,0,0,0,0,0,0
0,42,17,10,5,2,0
6,65,1002,404,124,13,0
5,33,321,1346,265,50,3
1,9,32,91,308,30,0
0,0,2,6,6,24,0
0,0,0,0,0,0,0
3,4,5,6,7,8,9
1,0,0,0,0,0,0
0,30,12,14,9,2,0
6,71,1017,468,132,16,1
6,40,300,1266,273,55,2
0,8,43,104,292,28,0
0,0,2,5,2,18,0
0,0,0,0,0,0,0
3,4,5,6,7,8,9
1,0,0,0,0,0,0
1,22,9,6,8,2,0
5,79,928,414,128,17,1
6,39,392,1315,285,51,2
0,9,42,119,285,30,0
0,0,3,3,2,19,0
0,0,0,0,0,0,0
3,4,5,6,7,8,9
1,0,0,0,0,0,0
1,12,7,4,5,0,0
7,81,933,465,138,17,1
3,48,379,1281,320,56,2
1,8,53,105,243,33,0
0,0,2,2,2,13,0
0,0,0,0,0,0,0
3,4,5,6,7,8,9
1,0,0,0,0,0,0
1,9,7,5,2,0,0
5,84,907,439,144,16,1
6,47,412,1309,323,66,2
0,9,45,102,237,19,0
0,0,3,2,2,18,0
0,0,0,0,0,0,0
3,4,5,6,7,8,9
10,2,3,2,0,0,0
0,133,39,42,13,0,0
0,0,1227,386,88,9,2
0,0,0,1279,231,37,0
0,0,0,0,328,28,1
0,0,0,0,0,38,0
0,0,0,0,0,0,0
3,4,5,6,7,8,9
7,2,3,3,1,0,0
0,75,36,44,16,1,0
3,30,963,264,108,19,2
0,22,225,1314,146,33,1
0,6,39,78,386,16,0
0,0,3,6,3,43,0
0,0,0,0,0,0,0
3,4,5,6,7,8,9
6,2,0,0,1,0,0
0,43,18,12,13,2,0
3,48,990,417,79,12,2
1,34,203,1197,253,47,1
0,8,55,77,307,27,0
0,0,3,6,7,24,0
0,0,0,0,0,0,0
3,4,5,6,7,8,9
1,0,0,0,0,0,0
0,36,9,9,4,1,0
6,63,920,387,114,15,1
2,30,307,1215,248,49,2
1,6,31,92,287,26,0
0,0,2,6,7,21,0
0,0,0,0,0,0,0
3,4,5,6,7,8,9
1,0,0,0,0,0,0
0,26,12,9,6,1,0
6,71,929,442,119,17,1
3,33,282,1155,249,55,2
0,5,43,100,283,24,0
0,0,3,3,3,15,0
0,0,0,0,0,0,0
3,4,5,6,7,8,9
1,0,0,0,0,0,0
1,15,8,5,6,0,0
5,75,852,383,110,17,1
3,38,363,1206,260,53,2
0,7,42,112,280,24,0
0,0,4,3,4,18,0
0,0,0,0,0,0,0
3,4,5,6,7,8,9
1,0,0,0,0,0,0
1,8,6,4,3,0,0
7,76,869,430,118,18,1
1,45,341,1172,293,54,2
0,6,50,100,244,27,0
0,0,3,3,2,13,0
0,0,0,0,0,0,0
3,4,5,6,7,8,9
1,0,0,0,0,0,0
1,8,8,6,1,0,0
5,79,831,428,117,17,1
3,40,377,1166,302,59,2
0,8,49,102,237,20,0
0,0,4,7,3,16,0
0,0,0,0,0,0,0
3,4,5,6,7,8,9
9,2,3,2,0,0,0
0,122,34,40,14,0,0
0,0,1127,364,85,11,2
0,0,0,1162,208,33,0
0,0,0,0,299,23,1
0,0,0,0,0,32,0
0,0,0,0,0,0,0
3,4,5,6,7,8,9
6,2,2,3,1,0,0
0,73,35,42,16,1,0
3,24,892,249,97,22,2
0,19,199,1192,127,28,1
0,6,35,77,360,14,0
0,0,1,5,5,34,0
0,0,0,0,0,0,0
3,4,5,6,7,8,9
6,2,0,0,1,0,0
0,38,19,12,11,1,0
3,41,916,382,74,16,1
0,34,179,1086,229,37,2
0,8,49,81,287,23,0
0,1,1,7,4,22,0
0,0,0,0,0,0,0
3,4,5,6,7,8,9
1,0,0,0,0,0,0
0,29,10,10,3,1,0
5,62,837,347,118,15,1
2,27,289,1119,217,40,2
1,6,27,88,263,25,0
0,0,1,4,5,18,0
0,0,0,0,0,0,0
3,4,5,6,7,8,9
1,0,0,0,0,0,0
0,20,11,10,5,1,0
5,66,843,397,120,16,1
3,32,271,1078,232,48,2
0,6,36,81,247,22,0
0,0,3,2,2,12,0
0,0,0,0,0,0,0
3,4,5,6,7,8,9
1,0,0,0,0,0,0
1,12,7,8,5,0,0
4,65,774,343,105,20,1
3,41,344,1120,246,40,2
0,6,34,92,248,23,0
0,0,5,5,2,16,0
0,0,0,0,0,0,0
3,4,5,6,7,8,9
1,0,0,0,0,0,0
1,9,8,2,3,0,0
6,64,792,394,109,18,1
1,43,328,1090,279,48,2
0,8,34,78,213,20,0
0,0,2,4,2,13,0
0,0,0,0,0,0,0
3,4,5,6,7,8,9
0,0,0,0,0,0,0
2,9,11,9,1,0,0
4,69,763,374,108,25,1
3,39,352,1095,289,46,2
0,7,35,84,207,16,0
0,0,3,6,1,12,0
0,0,0,0,0,0,0
3,4,5,6,7,8,9
8,2,3,1,0,0,0
0,107,32,39,11,0,0
0,0,1029,366,77,8,2
0,0,0,1027,195,33,0
0,0,0,0,262,22,0
0,0,0,0,0,24,0
0,0,0,0,0,0,0
3,4,5,6,7,8,9
5,3,2,2,1,0,0
0,62,35,41,11,1,0
3,22,803,235,93,17,2
0,18,194,1083,119,31,0
0,4,30,68,318,12,0
0,0,0,4,3,26,0
0,0,0,0,0,0,0
3,4,5,6,7,8,9
5,3,1,0,1,0,0
0,34,18,14,10,1,0
3,35,828,353,59,14,0
0,32,178,997,212,32,2
0,5,39,66,260,23,0
0,0,0,3,3,17,0
0,0,0,0,0,0,0
3,4,5,6,7,8,9
0,0,0,0,0,0,0
0,25,12,9,3,1,0
5,56,766,318,94,14,0
2,25,261,1029,213,40,2
1,3,25,77,233,19,0
0,0,0,0,2,13,0
0,0,0,0,0,0,0
3,4,5,6,7,8,9
0,0,0,0,0,0,0
0,15,11,7,4,1,0
5,59,769,355,94,15,0
3,32,248,998,229,40,2
0,3,34,73,217,22,0
0,0,2,0,1,9,0
0,0,0,0,0,0,0
3,4,5,6,7,8,9
0,0,0,0,0,0,0
1,11,6,5,3,1,0
4,59,725,324,81,20,0
3,35,300,1023,233,35,2
0,4,31,79,228,21,0
0,0,2,2,0,10,0
0,0,0,0,0,0,0
3,4,5,6,7,8,9
0,0,0,0,0,0,0
0,7,5,4,0,0,0
7,55,740,358,88,18,0
1,41,289,1003,266,42,2
0,6,29,65,191,18,0
0,0,1,3,0,9,0
0,0,0,0,0,0,0
3,4,5,6,7,8,9
0,0,0,0,0,0,0
0,7,8,9,0,0,0
5,62,687,342,95,22,0
3,33,335,1004,267,37,2
0,7,32,73,183,18,0
0,0,2,5,0,10,0
0,0,0,0,0,0,0
3,4,5,6,7,8,9
7,2,2,0,0,0,0
0,99,30,36,9,0,0
0,0,921,329,74,5,2
0,0,0,924,172,33,0
0,0,0,0,238,20,0
0,0,0,0,0,20,0
0,0,0,0,0,0,0
3,4,5,6,7,8,9
4,2,2,0,0,0,0
0,61,29,40,14,1,0
3,21,712,208,89,12,2
0,14,185,979,102,31,0
0,3,25,60,285,12,0
0,0,0,2,3,22,0
0,0,0,0,0,0,0
3,4,5,6,7,8,9
3,2,1,0,0,0,0
0,34,21,15,11,2,0
4,31,738,319,59,10,0
0,30,160,893,188,28,2
0,4,32,60,233,21,0
0,0,1,2,2,17,0
0,0,0,0,0,0,0
3,4,5,6,7,8,9
0,0,0,0,1,0,0
0,24,16,12,3,1,0
5,49,662,294,92,13,0
1,24,251,921,191,33,2
1,4,23,61,206,18,0
0,0,1,1,0,13,0
0,0,0,0,0,0,0
3,4,5,6,7,8,9
0,0,0,0,0,0,0
0,18,14,10,4,2,0
5,49,687,330,89,16,0
2,31,223,884,208,29,2
0,3,27,64,192,22,0
0,0,2,1,0,9,0
0,0,0,0,0,0,0
3,4,5,6,7,8,9
0,0,0,0,0,0,0
1,11,8,8,2,2,0
5,52,633,283,73,18,0
1,33,283,927,220,30,2
0,5,27,66,198,18,0
0,0,2,5,0,10,0
0,0,0,0,0,0,0
3,4,5,6,7,8,9
0,0,0,0,0,0,0
0,8,8,6,0,1,0
6,54,644,302,80,15,0
1,35,279,909,229,38,2
0,4,21,67,184,13,0
0,0,1,5,0,11,0
0,0,0,0,0,0,0
3,4,5,6,7,8,9
0,0,0,0,0,0,0
0,8,8,10,1,1,0
5,54,608,296,79,21,0
2,34,306,913,244,30,2
0,5,28,65,169,18,0
0,0,3,5,0,8,0
0,0,0,0,0,0,0
3,4,5,6,7,8,9
6,1,2,0,0,0,0
0,90,22,34,10,0,0
0,0,830,301,70,4,1
0,0,0,803,148,30,1
0,0,0,0,207,18,0
0,0,0,0,0,20,0
0,0,0,0,0,0,0
3,4,5,6,7,8,9
4,1,3,0,0,0,0
0,60,28,41,15,0,0
2,17,648,179,82,11,1
0,10,154,857,89,32,1
0,3,21,60,246,7,0
0,0,0,1,3,22,0
0,0,0,0,0,0,0
3,4,5,6,7,8,9
1,1,1,0,1,0,0
0,29,18,18,11,2,0
4,29,665,276,64,8,1
1,28,138,787,157,26,1
0,4,30,53,200,19,0
0,0,2,4,2,17,0
0,0,0,0,0,0,0
3,4,5,6,7,8,9
0,0,0,0,1,0,0
0,19,10,11,2,1,0
5,47,613,254,79,11,0
1,21,209,820,160,30,2
0,4,20,51,192,17,0
0,0,2,2,1,13,0
0,0,0,0,0,0,0
3,4,5,6,7,8,9
0,0,0,0,0,0,0
0,11,6,11,4,1,0
5,45,606,292,70,14,0
1,32,216,783,186,28,2
0,3,24,51,175,20,0
0,0,2,1,0,9,0
0,0,0,0,0,0,0
3,4,5,6,7,8,9
0,0,0,0,0,0,0
0,7,6,10,2,1,0
5,47,557,276,67,17,0
1,32,258,795,193,32,2
0,5,29,52,173,10,0
0,0,4,5,0,12,0
0,0,0,0,0,0,0
3,4,5,6,7,8,9
0,0,0,0,0,0,0
0,2,3,5,0,1,0
5,48,579,294,75,17,0
1,37,242,777,203,32,2
0,4,27,57,157,12,0
0,0,3,5,0,10,0
0,0,0,0,0,0,0
3,4,5,6,7,8,9
0,0,0,0,0,0,0
0,4,2,5,2,1,0
4,51,552,291,71,16,0
2,33,271,782,221,36,2
0,3,26,55,141,11,0
0,0,3,5,0,8,0
0,0,0,0,0,0,0
3,4,5,6,7,8,9
6,1,2,0,0,0,0
0,80,21,31,8,0,0
0,0,713,246,66,4,1
0,0,0,721,140,28,0
0,0,0,0,174,15,0
0,0,0,0,0,16,0
0,0,0,0,0,0,0
3,4,5,6,7,8,9
4,1,2,0,0,0,0
0,49,25,37,13,0,0
2,16,555,162,83,12,1
0,12,135,744,80,27,0
0,3,19,53,211,8,0
0,0,0,2,1,16,0
0,0,0,0,0,0,0
3,4,5,6,7,8,9
1,0,1,0,1,0,0
0,22,16,19,13,0,0
4,27,569,242,54,11,0
1,28,120,694,142,23,1
0,4,29,41,177,16,0
0,0,1,2,1,13,0
0,0,0,0,0,0,0
3,4,5,6,7,8,9
0,0,0,0,1,0,0
0,15,8,9,1,0,0
5,41,529,228,69,15,0
1,21,180,712,148,25,1
0,4,18,47,169,11,0
0,0,1,2,0,12,0
0,0,0,0,0,0,0
3,4,5,6,7,8,9
0,0,0,0,0,0,0
0,7,7,10,4,0,0
5,40,510,241,65,15,0
1,29,196,700,161,24,1
0,5,22,46,158,16,0
0,0,1,1,0,8,0
0,0,0,0,0,0,0
3,4,5,6,7,8,9
0,0,0,0,0,0,0
0,5,4,9,3,0,0
6,46,478,231,71,18,0
0,25,228,701,158,27,1
0,5,24,52,155,10,0
0,0,2,5,1,8,0
0,0,0,0,0,0,0
3,4,5,6,7,8,9
0,0,0,0,0,0,0
0,3,2,5,4,0,0
4,48,489,254,68,19,0
2,26,217,683,190,27,1
0,4,26,51,126,10,0
0,0,2,5,0,7,0
0,0,0,0,0,0,0
3,4,5,6,7,8,9
0,0,0,0,0,0,0
0,4,2,4,3,0,0
5,46,454,235,68,13,0
1,28,250,706,192,35,1
0,3,28,47,125,9,0
0,0,2,6,0,6,0
0,0,0,0,0,0,0
3,4,5,6,7,8,9
5,1,2,0,0,0,0
0,70,21,22,6,0,0
0,0,608,221,63,4,1
0,0,0,616,122,26,0
0,0,0,0,134,14,0
0,0,0,0,0,13,0
0,0,0,0,0,0,0
3,4,5,6,7,8,9
4,1,1,1,0,0,0
0,45,24,29,9,1,0
1,15,465,141,77,11,1
0,8,123,650,73,22,0
0,2,17,36,165,6,0
0,0,1,2,1,17,0
0,0,0,0,0,0,0
3,4,5,6,7,8,9
2,1,0,0,1,0,0
0,23,16,13,7,1,0
3,25,469,194,53,10,0
0,19,116,621,131,19,1
0,3,28,29,133,15,0
0,0,2,2,0,12,0
0,0,0,0,0,0,0
3,4,5,6,7,8,9
2,1,0,0,1,0,0
0,14,9,10,1,1,0
3,38,440,189,65,14,0
0,16,163,630,132,24,1
0,2,18,29,126,9,0
0,0,1,1,0,9,0
0,0,0,0,0,0,0
3,4,5,6,7,8,9
0,0,0,0,0,0,0
0,10,9,8,1,0,0
3,35,426,206,65,14,0
1,24,170,609,142,26,1
1,2,25,35,116,10,0
0,0,1,1,1,7,0
0,0,0,0,0,0,0
3,4,5,6,7,8,9
0,0,0,0,0,0,0
0,9,6,5,2,0,0
5,37,405,192,59,11,0
0,24,190,618,154,30,1
0,1,27,39,110,8,0
0,0,3,5,0,8,0
0,0,0,0,0,0,0
3,4,5,6,7,8,9
0,0,0,0,0,0,0
0,4,3,3,2,0,0
5,42,412,219,60,10,1
0,23,190,589,158,30,0
0,2,24,43,105,11,0
0,0,2,5,0,6,0
0,0,0,0,0,0,0
3,4,5,6,7,8,9
0,0,0,0,0,0,0
0,4,4,1,1,0,0
3,37,374,199,56,7,0
2,29,227,610,161,35,1
0,1,24,41,107,9,0
0,0,2,8,0,6,0
0,0,0,0,0,0,0
3,4,5,6,7,8,9
4,1,0,0,0,0,0
0,58,22,23,5,0,0
0,0,516,200,56,4,1
0,0,0,491,100,17,0
0,0,0,0,101,14,0
0,0,0,0,0,11,0
0,0,0,0,0,0,0
3,4,5,6,7,8,9
4,1,1,0,1,0,0
0,37,27,23,8,1,0
0,12,386,126,66,11,1
0,7,108,535,59,16,0
0,2,14,28,127,4,0
0,0,2,2,1,14,0
0,0,0,0,0,0,0
3,4,5,6,7,8,9
2,1,0,0,2,0,0
0,19,14,14,6,1,0
2,19,403,164,40,12,0
0,18,103,503,101,12,1
0,2,16,31,113,13,0
0,0,2,2,0,8,0
0,0,0,0,0,0,0
3,4,5,6,7,8,9
1,1,1,0,1,0,0
0,4,5,6,0,1,0
3,30,380,144,48,10,0
0,22,137,533,112,19,1
0,2,14,28,100,9,0
0,0,1,3,1,7,0
0,0,0,0,0,0,0
3,4,5,6,7,8,9
0,0,0,0,0,0,0
0,3,7,3,0,0,0
3,33,380,174,54,9,0
0,22,129,501,111,22,1
1,1,19,32,97,8,0
0,0,3,4,0,7,0
0,0,0,0,0,0,0
3,4,5,6,7,8,9
0,0,0,0,0,0,0
0,2,4,3,2,0,0
4,35,360,170,52,10,0
0,20,154,503,115,22,1
0,2,18,34,93,7,0
0,0,2,4,0,7,0
0,0,0,0,0,0,0
3,4,5,6,7,8,9
0,0,0,0,0,0,0
0,0,3,1,2,0,0
4,32,352,194,50,10,1
0,24,162,479,119,26,0
0,3,21,40,91,8,0
0,0,0,0,0,2,0
0,0,0,0,0,0,0
3,4,5,6,7,8,9
0,0,0,0,0,0,0
0,1,2,2,0,0,0
2,31,333,176,54,12,0
2,25,186,501,120,25,1
0,2,17,35,88,7,0
0,0,0,0,0,2,0
0,0,0,0,0,0,0
3,4,5,6,7,8,9
3,1,1,0,1,0,0
0,48,20,17,4,0,0
0,0,414,150,50,2,1
0,0,0,396,80,10,0
0,0,0,0,77,13,0
0,0,0,0,0,11,0
0,0,0,0,0,0,0
3,4,5,6,7,8,9
3,1,1,0,2,0,0
0,23,25,15,7,0,0
0,12,308,109,53,9,1
0,12,86,418,49,8,0
0,1,13,19,100,6,0
0,0,2,2,1,13,0
0,0,0,0,0,0,0
3,4,5,6,7,8,9
2,1,1,0,2,0,0
0,12,9,11,5,0,0
1,17,327,137,29,11,0
0,17,82,383,84,5,1
0,2,14,28,91,12,0
0,0,2,4,1,8,0
0,0,0,0,0,0,0
3,4,5,6,7,8,9
1,1,1,0,0,0,0
0,4,6,3,0,0,0
2,26,307,117,42,8,0
0,16,102,416,93,15,1
0,2,19,27,77,9,0
0,0,0,0,0,4,0
0,0,0,0,0,0,0
3,4,5,6,7,8,9
0,0,0,0,0,0,0
0,3,4,2,0,0,0
2,22,307,156,50,9,0
1,23,101,376,92,19,1
0,1,23,29,70,7,0
0,0,0,0,0,1,0
0,0,0,0,0,0,0
3,4,5,6,7,8,9
0,0,0,0,0,0,0
0,3,1,2,2,1,0
3,26,299,141,48,11,0
0,18,117,392,88,17,1
0,2,18,28,74,6,0
0,0,0,0,0,1,0
0,0,0,0,0,0,0
3,4,5,6,7,8,9
0,0,0,0,0,0,0
0,0,1,1,1,1,0
2,24,290,162,41,13,1
1,23,128,368,107,12,0
0,2,16,32,63,10,0
0,0,0,0,0,0,0
0,0,0,0,0,0,0
3,4,5,6,7,8,9
0,0,0,0,0,0,0
0,1,0,0,0,1,0
1,25,272,146,49,9,0
2,21,147,393,105,17,1
0,2,16,24,58,9,0
0,0,0,0,0,0,0
0,0,0,0,0,0,0
3,4,5,6,7,8,9
3,1,1,0,1,0,0
0,32,10,10,2,0,0
0,0,300,120,32,6,0
0,0,0,305,66,6,1
0,0,0,0,63,9,0
0,0,0,0,0,6,0
0,0,0,0,0,0,0
3,4,5,6,7,8,9
3,1,1,0,2,0,0
0,17,13,6,4,0,0
0,8,224,80,35,10,0
0,6,61,320,40,5,1
0,1,10,28,83,4,0
0,0,2,1,0,8,0
0,0,0,0,0,0,0
3,4,5,6,7,8,9
2,1,1,0,2,0,0
0,9,4,3,4,0,0
1,14,232,103,18,9,0
0,6,59,310,68,7,1
0,3,14,18,71,7,0
0,0,1,1,1,4,0
0,0,0,0,0,0,0
3,4,5,6,7,8,9
1,1,1,0,0,0,0
0,7,2,2,0,0,0
2,17,223,94,30,11,0
0,5,72,318,82,10,1
0,3,12,20,52,4,0
0,0,1,1,0,2,0
0,0,0,0,0,0,0
3,4,5,6,7,8,9
0,0,0,0,0,0,0
0,7,2,2,0,0,0
2,16,225,113,31,11,0
1,8,68,295,74,10,1
0,2,16,25,59,5,0
0,0,0,0,0,1,0
0,0,0,0,0,0,0
3,4,5,6,7,8,9
0,0,0,0,0,0,0
0,4,0,0,0,1,0
2,15,201,105,31,11,0
1,12,96,303,86,11,1
0,2,14,27,47,4,0
0,0,0,0,0,0,0
0,0,0,0,0,0,0
3,4,5,6,7,8,9
0,0,0,0,0,0,0
0,0,0,0,0,1,0
2,17,201,112,35,10,0
1,14,100,301,83,8,1
0,2,10,22,46,8,0
0,0,0,0,0,0,0
0,0,0,0,0,0,0
3,4,5,6,7,8,9
0,0,0,0,0,0,0
0,1,0,0,0,1,0
1,15,196,110,38,9,0
2,16,106,307,88,10,1
0,1,9,18,38,7,0
0,0,0,0,0,0,0
0,0,0,0,0,0,0
3,4,5,6,7,8
2,1,1,0,1,0
0,21,6,7,1,0
0,0,185,97,25,3
0,0,0,203,44,3
0,0,0,0,38,8
0,0,0,0,0,3
3,4,5,6,7,8
2,1,1,0,2,0
0,14,8,1,5,0
0,1,143,56,30,5
0,5,37,236,26,5
0,1,3,13,45,3
0,0,0,1,1,4
3,4,5,6,7,8
2,1,1,0,2,0
0,6,3,1,2,0
0,6,142,71,21,3
0,7,40,223,47,5
0,2,5,12,36,5
0,0,1,0,1,4
3,4,5,6,7,8
1,0,1,0,0,0
0,2,1,3,0,0
1,9,126,68,26,3
0,9,60,223,46,7
0,2,3,12,36,5
0,0,1,1,1,2
3,4,5,6,7,8
0,0,0,0,0,0
0,2,2,2,2,0
1,10,126,73,26,4
1,9,61,221,46,8
0,1,3,11,35,4
0,0,0,0,0,1
3,4,5,6,7,8
0,0,0,0,0,0
0,0,1,1,0,0
1,9,117,57,20,5
1,12,71,240,60,7
0,1,3,9,29,5
0,0,0,0,0,0
3,4,5,6,7,8
0,0,0,0,0,0
0,0,0,0,0,0
0,9,115,74,19,4
2,12,75,225,61,8
0,1,2,8,29,5
0,0,0,0,0,0
3,4,5,6,7,8
0,0,0,0,0,0
0,0,0,0,0,0
0,7,111,67,25,5
2,14,80,231,63,8
0,1,1,9,21,4
0,0,0,0,0,0
3,4,5,6,7,8
1,1,0,0,0,0
0,9,3,5,2,0
0,0,89,45,12,2
0,0,0,110,25,3
0,0,0,0,13,2
0,0,0,0,0,2
3,4,5,6,7,8
1,1,0,1,1,0
0,5,4,5,2,0
0,0,60,28,20,3
0,3,23,118,12,3
0,1,4,7,17,0
0,0,1,1,0,3
3,4,5,6,7,8
1,1,1,1,1,0
0,1,1,2,0,0
0,0,62,39,7,2
0,6,24,113,27,4
0,2,4,4,17,1
0,0,0,1,0,2
3,4,5,6,7,8
0,1,1,1,0,0
0,0,1,1,0,0
0,2,54,30,14,3
1,6,34,126,29,5
0,1,2,2,9,1
0,0,0,0,0,0
3,4,5,6,7,8
0,0,0,0,0,0
0,1,1,1,0,0
0,1,59,39,11,3
1,8,28,114,31,6
0,0,4,6,10,0
0,0,0,0,0,0
3,4,5,6,7,8
0,0,0,0,0,0
0,1,1,2,0,0
0,2,48,29,15,4
1,6,41,125,31,5
0,1,2,4,6,0
0,0,0,0,0,0
3,4,5,6,7,8
0,0,0,0,0,0
0,0,0,1,0,0
0,2,51,28,12,1
1,8,40,126,30,7
0,0,1,5,10,1
0,0,0,0,0,0
3,4,5,6,7,8
0,0,0,0,0,0
0,0,0,0,0,0
0,3,43,29,10,3
1,7,48,128,37,6
0,0,1,3,5,0
0,0,0,0,0,0
