4,5,6,7,8
2,5,5,3,0
6,87,61,10,3
1,16,69,17,3
0,3,6,14,7
0,0,0,0,3
4,5,6,7,8
1,2,4,1,0
6,64,43,8,3
2,40,86,19,3
0,5,9,15,6
0,1,1,1,4
4,5,6,7,8
0,2,2,1,0
6,67,53,7,1
2,38,75,23,3
1,5,10,13,9
0,1,3,0,3
4,5,6,7,8
0,2,0,1,0
7,62,50,10,2
2,43,86,23,6
0,5,5,10,5
0,1,2,0,3
4,5,6,7,8
0,2,0,0,1
7,60,49,10,2
2,43,85,24,3
0,7,8,10,7
0,1,1,0,3
4,5,6,7,8
0,1,0,0,0
5,61,49,12,1
4,43,87,20,6
0,7,7,12,6
0,1,0,0,3
4,5,6,7,8
0,1,0,0,0
6,62,50,12,1
3,43,90,23,7
0,6,3,9,5
0,1,0,0,3
4,5,6,7,8
0,1,0,0,0
5,59,49,13,2
4,47,88,22,8
0,5,6,9,4
0,1,0,0,2
3,4,5,6,7,8
0,0,3,3,0,0
0,2,15,8,6,0
1,10,146,127,19,3
0,4,43,144,46,13
0,0,6,10,27,7
0,0,0,1,0,6
3,4,5,6,7,8
0,0,2,1,0,0
0,1,11,8,4,1
1,9,115,88,18,3
0,6,70,172,41,7
0,0,14,22,34,11
0,0,1,2,1,7
3,4,5,6,7,8
0,0,0,1,0,0
0,0,10,6,2,0
1,10,126,103,14,1
0,5,63,157,52,12
0,1,13,22,29,10
0,0,1,4,1,6
3,4,5,6,7,8
0,0,0,0,0,0
0,0,7,6,0,0
1,11,110,96,21,3
0,5,85,169,51,14
0,0,10,19,26,7
0,0,1,3,0,5
3,4,5,6,7,8
0,0,0,0,0,0
0,0,7,3,0,1
1,11,115,105,18,4
0,5,79,165,59,8
0,0,11,19,21,11
0,0,1,1,0,5
3,4,5,6,7,8
0,0,0,0,0,0
0,0,6,1,0,0
1,9,108,93,24,2
0,7,89,179,53,15
0,0,9,20,21,7
0,0,1,0,0,5
3,4,5,6,7,8
0,0,0,0,0,0
0,0,6,1,0,0
1,9,114,95,22,2
0,7,83,179,60,16
0,0,9,18,16,7
0,0,1,0,0,4
3,4,5,6,7,8
0,0,0,0,0,0
0,0,5,0,0,0
1,9,106,93,24,3
0,7,91,181,53,17
0,0,10,19,21,6
0,0,1,0,0,3
3,4,5,6,7,8
0,0,5,2,0,0
2,4,19,17,5,0
4,17,212,186,34,4
0,5,68,208,58,15
0,2,13,18,60,8
0,0,0,2,1,6
3,4,5,6,7,8
0,0,3,1,0,0
2,1,16,17,4,1
1,14,164,131,33,4
3,8,107,241,53,8
0,5,26,40,66,13
0,0,1,3,2,7
3,4,5,6,7,8
0,0,0,1,0,0
1,1,12,9,1,0
2,19,188,149,32,1
2,6,93,230,69,12
1,2,23,39,56,14
0,0,1,5,0,6
3,4,5,6,7,8
0,0,0,0,0,0
1,0,8,7,0,0
1,17,168,141,36,3
3,9,127,251,73,16
1,2,13,30,49,9
0,0,1,4,0,5
3,4,5,6,7,8
0,0,1,0,0,0
1,0,7,3,0,1
1,17,178,159,33,4
3,9,116,235,81,11
1,2,14,35,44,12
0,0,1,1,0,5
3,4,5,6,7,8
0,0,1,0,0,0
1,0,6,1,0,0
2,16,171,136,37,3
2,9,125,262,74,19
1,3,13,34,46,7
0,0,1,0,1,4
3,4,5,6,7,8
0,0,1,0,0,0
0,0,6,1,0,0
2,18,173,154,35,3
4,9,123,249,85,19
0,1,13,29,37,7
0,0,1,0,1,4
3,4,5,6,7,8
0,0,0,0,0,0
0,0,6,2,0,0
3,15,161,144,37,4
3,11,134,257,81,19
0,2,15,30,39,7
0,0,1,0,1,3
3,4,5,6,7,8
0,2,5,1,0,0
3,6,26,21,6,0
4,23,267,244,46,7
0,8,84,309,82,20
1,3,17,25,70,8
0,0,1,2,1,8
3,4,5,6,7,8
0,0,4,0,0,0
2,3,25,17,4,0
2,21,209,178,43,6
3,12,130,344,76,12
1,6,30,60,78,16
0,0,2,3,4,9
3,4,5,6,7,8
0,0,1,0,0,0
1,2,17,12,1,0
3,29,243,203,42,4
2,7,115,323,89,17
2,4,23,56,71,15
0,0,1,8,2,7
3,4,5,6,7,8
0,0,0,0,0,0
1,0,13,8,0,0
2,27,218,197,41,6
3,12,151,345,98,20
2,3,17,46,65,9
0,0,1,6,1,8
3,4,5,6,7,8
0,0,1,0,0,0
1,0,13,5,0,0
1,25,234,236,41,5
4,13,130,306,106,20
2,4,21,54,57,10
0,0,1,1,1,8
3,4,5,6,7,8
0,0,1,0,0,0
0,0,9,1,0,0
3,24,219,206,42,6
4,14,151,346,99,27
1,4,19,49,61,7
0,0,1,0,3,3
3,4,5,6,7,8
0,0,1,0,0,0
0,0,9,2,0,0
3,28,223,214,43,5
4,12,146,338,106,27
1,2,20,48,54,7
0,0,1,0,2,4
3,4,5,6,7,8
0,0,0,0,0,0
0,0,8,1,0,0
4,27,209,206,42,8
3,12,163,348,105,26
1,3,19,47,56,7
0,0,1,0,2,2
3,4,5,6,7,8
0,3,5,1,0,0
3,9,38,28,6,1
4,27,342,301,61,9
0,13,107,369,106,23
1,3,18,41,81,8
0,0,3,2,4,8
3,4,5,6,7,8
0,1,4,0,0,0
2,6,32,25,6,1
2,28,260,220,63,9
3,16,178,416,91,14
1,4,35,75,92,16
0,0,4,6,6,9
3,4,5,6,7,8
0,0,1,0,0,0
1,4,18,16,1,1
3,34,303,256,53,5
2,12,158,390,118,22
2,5,30,69,82,14
0,0,3,11,4,7
3,4,5,6,7,8
0,0,0,0,0,0
1,2,15,9,1,1
2,31,270,240,54,8
3,19,201,426,122,24
2,3,23,60,79,9
0,0,4,7,2,7
3,4,5,6,7,8
0,0,1,0,0,0
1,2,15,4,0,0
1,30,293,283,52,5
4,20,176,387,130,26
2,3,25,66,73,11
0,0,3,2,3,7
3,4,5,6,7,8
0,0,1,0,0,0
0,1,8,2,0,0
3,29,271,247,54,7
4,21,197,428,129,32
1,4,32,64,74,7
0,0,4,1,1,3
3,4,5,6,7,8
0,0,1,0,0,0
0,1,7,5,0,0
3,33,293,257,52,6
4,19,180,418,138,34
1,2,28,61,67,5
0,0,4,1,1,4
3,4,5,6,7,8
0,0,0,0,0,0
0,1,8,4,0,0
4,32,273,242,57,11
4,18,202,427,134,31
0,4,27,67,66,5
0,0,3,2,1,2
3,4,5,6,7,8
1,4,5,3,0,0
2,10,46,33,6,2
4,31,417,353,79,13
1,16,137,438,135,22
1,4,22,48,90,10
0,0,3,2,4,8
3,4,5,6,7,8
1,1,5,2,0,0
1,6,36,28,7,2
2,35,318,259,81,13
3,18,219,492,111,16
2,5,48,85,109,15
0,0,4,11,6,9
3,4,5,6,7,8
0,0,3,1,0,0
1,4,19,13,1,1
4,39,377,316,69,8
3,16,188,450,148,22
1,6,41,84,91,17
0,0,2,13,5,7
3,4,5,6,7,8
0,0,0,0,0,0
1,2,17,11,1,1
3,38,330,279,70,13
4,21,253,510,150,24
1,4,26,70,90,10
0,0,4,7,3,7
3,4,5,6,7,8
0,0,1,0,0,0
1,3,17,6,1,0
2,35,347,325,71,11
5,23,229,471,153,27
1,4,32,74,86,10
0,0,4,1,3,7
3,4,5,6,7,8
0,0,1,0,0,0
0,1,14,3,0,0
4,37,320,284,70,11
5,24,251,507,155,32
0,3,40,82,87,9
0,0,4,1,2,3
3,4,5,6,7,8
0,0,1,0,0,0
0,1,12,5,0,0
4,39,340,307,71,11
5,20,240,488,164,35
0,5,33,76,77,5
0,0,4,1,2,4
3,4,5,6,7,8
0,0,0,0,0,0
0,2,11,6,0,0
5,39,331,288,67,13
4,20,247,504,169,34
0,4,38,77,77,5
0,0,3,2,1,3
3,4,5,6,7,8,9
1,4,5,3,0,0,0
3,13,47,42,7,2,0
4,39,486,419,94,15,0
1,18,160,492,173,27,1
1,4,22,55,101,12,0
0,0,4,2,5,12,0
0,0,0,0,0,0,0
3,4,5,6,7,8,9
1,1,7,4,0,0,0
2,11,41,35,8,3,0
2,38,373,315,91,14,0
3,23,248,555,146,23,1
2,5,51,92,129,14,0
0,0,4,12,6,14,0
0,0,0,0,0,0,0
3,4,5,6,7,8,9
0,0,2,2,0,0,0
0,6,23,20,2,2,0
4,43,418,368,83,10,0
4,22,228,516,176,25,1
2,7,49,98,111,19,0
0,0,4,9,8,12,0
0,0,0,0,0,0,0
3,4,5,6,7,8,9
0,0,1,0,0,0,0
0,2,22,11,1,2,0
4,45,380,331,90,12,0
5,27,284,583,181,31,1
1,4,32,83,104,14,0
0,0,5,5,4,9,0
0,0,0,0,0,0,0
3,4,5,6,7,8,9
0,0,1,0,0,0,0
0,4,17,6,1,0,0
3,43,401,375,96,10,0
6,27,264,541,183,37,1
1,4,36,90,97,12,0
0,0,5,1,3,9,0
0,0,0,0,0,0,0
3,4,5,6,7,8,9
0,0,1,0,0,0,0
0,1,13,7,0,1,0
3,44,367,332,94,9,0
7,30,302,588,181,41,1
0,3,37,85,102,11,0
0,0,4,1,3,6,0
0,0,0,0,0,0,0
3,4,5,6,7,8,9
0,0,0,0,0,0,0
0,2,13,6,0,0,0
3,47,388,343,87,10,0
7,25,278,587,206,43,1
0,4,40,76,84,9,0
0,0,5,1,3,6,0
0,0,0,0,0,0,0
3,4,5,6,7,8,9
0,0,0,0,0,0,0
0,2,12,7,1,0,0
5,47,381,331,93,16,0
5,26,286,591,207,35,1
0,3,41,83,77,10,0
0,0,4,1,2,7,0
0,0,0,0,0,0,0
3,4,5,6,7,8,9
1,4,8,3,1,0,0
2,15,59,47,8,2,0
5,46,536,473,111,19,0
2,21,195,553,202,36,2
1,4,28,71,106,15,0
0,0,4,2,6,11,0
0,0,0,0,0,0,0
3,4,5,6,7,8,9
1,1,8,5,0,0,0
1,12,47,41,14,3,0
2,42,424,362,100,20,0
5,31,290,615,173,29,2
2,4,57,114,139,18,0
0,0,4,12,8,13,0
0,0,0,0,0,0,0
3,4,5,6,7,8,9
0,0,3,4,0,0,0
0,6,23,19,3,2,0
4,48,457,418,95,14,0
5,30,291,582,211,36,2
2,6,51,118,117,19,0
0,0,5,8,8,12,0
0,0,0,0,0,0,0
3,4,5,6,7,8,9
0,0,1,1,0,0,0
0,3,22,14,1,2,0
5,51,422,381,101,18,0
5,32,340,638,214,36,2
1,4,39,111,113,19,0
0,0,6,4,5,8,0
0,0,0,0,0,0,0
3,4,5,6,7,8,9
0,0,1,0,0,0,0
0,5,18,9,2,0,0
4,50,446,426,106,16,1
6,31,315,609,211,42,1
1,4,45,104,112,17,0
0,0,5,1,3,8,0
0,0,0,0,0,0,0
3,4,5,6,7,8,9
0,0,1,0,0,0,0
0,3,11,10,1,1,0
3,48,421,376,102,16,1
8,35,347,654,222,49,1
0,4,46,108,106,12,0
0,0,4,1,3,5,0
0,0,0,0,0,0,0
3,4,5,6,7,8,9
0,0,0,0,0,0,0
0,2,10,7,1,0,0
3,55,443,402,100,17,1
8,30,328,636,245,49,1
0,3,45,103,85,12,0
0,0,4,1,3,5,0
0,0,0,0,0,0,0
3,4,5,6,7,8,9
0,0,0,0,0,0,0
0,2,11,6,1,0,0
5,58,432,382,101,20,1
6,28,342,657,248,41,1
0,2,41,103,81,16,0
0,0,4,1,3,6,0
0,0,0,0,0,0,0
3,4,5,6,7,8,9
1,3,9,6,1,0,0
3,14,65,55,13,2,0
4,50,600,548,123,20,0
3,26,228,611,228,40,2
1,4,32,76,115,17,0
0,0,4,2,7,11,0
0,0,0,0,0,0,0
3,4,5,6,7,8,9
1,1,8,10,0,0,0
2,12,54,45,17,2,0
2,48,489,422,108,21,0
5,30,323,678,202,31,2
2,6,60,133,151,22,0
0,0,4,10,9,14,0
0,0,0,0,0,0,0
3,4,5,6,7,8,9
0,0,3,6,0,0,0
1,5,27,20,1,2,0
3,50,523,475,107,17,0
5,34,319,660,243,35,2
3,8,59,129,127,23,0
0,0,7,8,9,13,0
0,0,0,0,0,0,0
3,4,5,6,7,8,9
0,0,1,1,0,0,0
0,4,24,16,1,1,0
5,53,492,429,113,19,0
5,35,365,730,245,40,2
2,5,48,117,122,22,0
0,0,8,5,6,8,0
0,0,0,0,0,0,0
3,4,5,6,7,8,9
0,0,1,0,0,0,0
1,4,17,10,2,0,0
4,54,510,477,120,19,1
6,35,350,680,235,42,1
1,4,55,129,127,20,0
0,0,5,2,3,9,0
0,0,0,0,0,0,0
3,4,5,6,7,8,9
0,0,1,0,0,0,0
1,4,13,13,1,2,0
4,52,488,425,104,18,0
7,36,377,726,251,50,2
0,5,55,132,128,14,0
0,0,4,2,3,6,0
0,0,0,0,0,0,0
3,4,5,6,7,8,9
0,0,0,0,0,0,0
1,2,11,8,0,0,0
3,58,510,465,109,18,0
8,35,359,715,274,55,2
0,2,54,109,101,11,0
0,0,4,1,3,6,0
0,0,0,0,0,0,0
3,4,5,6,7,8,9
0,0,0,0,0,0,0
1,2,13,6,1,0,0
5,62,488,444,110,22,1
6,31,382,742,281,45,1
0,2,51,105,92,17,0
0,0,4,1,3,6,0
0,0,0,0,0,0,0
3,4,5,6,7,8,9
0,3,10,8,1,0,0
3,12,77,65,16,2,0
7,59,682,631,138,23,0
4,28,246,656,260,42,2
1,3,29,74,124,18,0
0,0,4,3,5,13,0
0,0,0,0,0,0,0
3,4,5,6,7,8,9
0,3,11,13,0,0,0
1,12,59,49,20,2,0
6,51,531,496,126,22,0
6,33,379,735,218,34,2
2,6,62,135,170,25,0
0,0,6,9,10,15,0
0,0,0,0,0,0,0
3,4,5,6,7,8,9
0,0,5,8,0,0,0
2,7,28,26,2,2,0
5,51,575,524,128,22,0
7,40,369,738,270,38,2
1,7,65,136,134,24,0
0,0,6,5,10,12,0
0,0,0,0,0,0,0
3,4,5,6,7,8,9
0,0,1,0,0,0,0
1,6,30,18,2,0,0
6,57,544,496,125,21,0
7,38,414,792,270,47,2
1,4,52,127,141,23,0
0,0,7,4,6,7,0
0,0,0,0,0,0,0
3,4,5,6,7,8,9
0,0,1,0,0,0,0
1,4,27,17,3,0,0
6,60,565,534,132,24,1
8,38,391,749,274,49,1
0,3,60,135,134,19,0
0,0,4,2,1,6,0
0,0,0,0,0,0,0
3,4,5,6,7,8,9
0,0,0,0,0,0,0
1,3,19,16,3,1,0
7,65,538,488,109,23,0
7,34,429,796,302,53,2
0,3,59,135,129,15,0
0,0,3,2,1,6,0
0,0,0,0,0,0,0
3,4,5,6,7,8,9
0,0,0,0,0,0,0
1,4,14,13,2,0,0
5,65,566,529,118,21,0
9,34,411,781,319,57,2
0,2,54,113,105,15,0
0,0,3,1,0,5,0
0,0,0,0,0,0,0
3,4,5,6,7,8,9
0,0,0,0,0,0,0
1,6,14,12,1,0,0
7,65,556,506,133,28,1
7,31,430,817,315,47,1
0,3,45,100,95,19,0
0,0,3,2,0,4,0
0,0,0,0,0,0,0
3,4,5,6,7,8,9
1,3,13,8,1,0,0
2,16,79,65,19,2,0
8,64,750,691,155,29,0
4,31,289,723,287,50,2
1,3,37,71,129,16,0
0,0,4,5,7,9,0
0,0,0,0,0,0,0
3,4,5,6,7,8,9
0,4,15,14,2,0,0
2,12,55,51,24,2,0
7,53,585,543,143,27,0
5,42,427,803,244,37,2
2,6,82,143,172,30,0
0,0,8,9,13,10,0
0,0,0,0,0,0,0
3,4,5,6,7,8,9
0,0,4,8,2,0,0
1,9,27,26,5,2,0
8,53,617,561,128,25,0
6,50,431,821,310,43,2
1,5,84,139,141,28,0
0,0,9,8,12,8,0
0,0,0,0,0,0,0
3,4,5,6,7,8,9
0,0,0,0,0,0,0
0,5,23,17,3,0,0
7,65,597,543,127,25,0
8,44,474,869,319,56,2
1,3,71,130,146,19,0
0,0,7,4,3,6,0
0,0,0,0,0,0,0
3,4,5,6,7,8,9
0,0,0,0,0,0,0
1,4,20,16,6,0,0
6,66,614,573,121,32,0
9,44,457,833,338,48,2
0,3,75,139,132,21,0
0,0,6,2,1,5,0
0,0,0,0,0,0,0
3,4,5,6,7,8,9
0,0,0,0,0,0,0
1,4,13,14,4,0,0
7,69,592,511,109,21,0
8,41,496,905,354,57,2
0,3,68,131,128,23,0
0,0,3,2,3,5,0
0,0,0,0,0,0,0
3,4,5,6,7,8,9
0,0,0,0,0,0,0
1,7,9,9,2,0,0
7,69,608,548,128,28,0
8,39,490,878,358,51,2
0,2,61,127,107,23,0
0,0,4,1,3,4,0
0,0,0,0,0,0,0
3,4,5,6,7,8,9
0,0,0,0,0,0,0
1,7,11,10,1,0,0
8,63,597,513,123,22,0
7,43,503,925,371,58,2
0,4,55,114,103,22,0
0,0,6,1,0,4,0
0,0,0,0,0,0,0
3,4,5,6,7,8,9
1,4,16,10,2,0,0
3,22,87,77,24,1,0
9,68,831,783,184,34,0
4,32,296,766,314,53,2
1,2,34,72,121,17,0
0,0,5,7,8,9,0
0,0,0,0,0,0,0
3,4,5,6,7,8,9
1,5,12,10,3,0,0
5,19,68,58,30,0,0
5,61,653,620,179,33,0
5,40,448,858,267,43,2
2,3,79,159,162,27,0
0,0,9,10,12,11,0
0,0,0,0,0,0,0
3,4,5,6,7,8,9
1,0,6,6,3,0,0
1,9,34,33,10,0,0
6,64,676,640,144,31,0
8,50,460,891,346,45,2
2,5,83,137,135,29,0
0,0,10,8,15,9,0
0,0,0,0,0,0,0
3,4,5,6,7,8,9
1,0,0,1,0,0,0
1,7,21,18,6,0,0
7,70,661,611,157,30,0
8,48,516,956,365,57,2
1,3,64,123,120,20,0
0,0,7,6,5,7,0
0,0,0,0,0,0,0
3,4,5,6,7,8,9
0,0,0,0,0,0,0
2,8,24,16,4,0,0
7,70,690,653,161,30,0
9,48,481,907,367,55,2
0,2,68,137,119,23,0
0,0,6,2,2,6,0
0,0,0,0,0,0,0
3,4,5,6,7,8,9
0,0,0,0,0,0,0
1,7,17,11,3,0,0
8,68,662,564,146,28,0
9,48,519,1007,392,58,2
0,5,71,132,109,22,0
0,0,0,1,3,6,0
0,0,0,0,0,0,0
3,4,5,6,7,8,9
0,0,0,0,0,0,0
1,7,9,9,2,0,0
6,72,688,600,152,29,0
10,47,515,978,388,60,2
1,2,55,126,109,25,0
0,0,2,2,2,0,0
0,0,0,0,0,0,0
3,4,5,6,7,8,9
0,0,0,0,0,0,0
2,9,14,11,3,0,0
7,69,675,562,127,30,0
9,46,528,1025,417,63,2
0,4,51,115,106,21,0
0,0,1,2,0,0,0
0,0,0,0,0,0,0
3,4,5,6,7,8,9
1,4,19,12,5,1,0
4,26,98,82,23,1,0
9,71,867,816,195,35,0
3,33,354,839,360,59,2
1,4,44,93,117,16,0
0,0,4,7,10,9,0
0,0,0,0,0,0,0
3,4,5,6,7,8,9
1,6,16,14,4,1,0
4,22,81,84,26,0,0
5,62,698,638,178,32,1
6,42,491,922,326,51,1
2,6,93,181,161,27,0
0,0,7,10,15,10,0
0,0,0,0,0,0,0
3,4,5,6,7,8,9
1,0,7,3,1,1,0
1,12,42,51,15,0,0
5,69,717,688,145,30,0
8,49,504,949,388,52,2
3,8,105,150,144,30,0
0,0,11,8,17,8,0
0,0,0,0,0,0,0
3,4,5,6,7,8,9
1,0,0,0,1,0,0
1,12,22,27,5,0,0
6,71,693,633,164,29,0
10,50,588,1045,401,61,2
0,5,74,138,130,24,0
0,0,9,6,9,7,0
0,0,0,0,0,0,0
3,4,5,6,7,8,9
0,0,0,0,0,0,0
2,15,25,23,3,0,0
8,66,776,681,164,30,0
8,50,503,998,419,58,2
0,7,76,144,121,27,0
0,0,6,3,3,6,0
0,0,0,0,0,0,0
3,4,5,6,7,8,9
0,0,0,0,0,0,0
1,12,20,14,4,0,0
8,70,701,617,145,33,0
8,50,581,1070,442,60,2
1,6,83,145,118,27,0
0,0,1,3,1,1,0
0,0,0,0,0,0,0
3,4,5,6,7,8,9
0,0,0,0,0,0,0
1,11,10,13,0,0,0
8,75,749,625,145,30,0
8,48,556,1080,438,68,2
1,4,69,127,125,23,0
0,0,2,4,2,0,0
0,0,0,0,0,0,0
3,4,5,6,7,8,9
0,0,0,0,0,0,0
1,10,13,10,1,0,0
8,76,694,611,144,28,0
7,48,610,1106,438,66,2
2,4,68,117,127,26,0
0,0,1,5,0,1,0
0,0,0,0,0,0,0
3,4,5,6,7,8,9
1,2,18,11,5,1,0
3,26,94,80,23,1,0
11,83,930,893,236,37,0
5,36,402,899,369,67,2
0,4,42,98,124,19,0
0,0,3,8,7,8,0
0,0,0,0,0,0,0
3,4,5,6,7,8,9
1,5,16,15,4,1,0
2,22,83,72,23,0,0
9,69,751,696,198,33,1
8,48,540,990,347,60,0
0,7,93,206,178,30,1
0,0,6,10,14,9,0
0,0,0,0,0,0,0
3,4,5,6,7,8,9
1,0,5,2,1,1,0
1,16,44,50,15,0,0
9,80,786,744,168,31,0
7,46,533,1027,411,63,1
2,9,107,155,154,30,1
0,0,14,11,15,8,0
0,0,0,0,0,0,0
3,4,5,6,7,8,9
0,0,1,0,1,0,0
0,16,28,25,6,0,0
9,78,762,709,174,27,0
11,51,619,1100,453,73,1
0,6,69,150,121,25,1
0,0,10,5,9,8,0
0,0,0,0,0,0,0
3,4,5,6,7,8,9
0,0,0,0,0,0,0
1,11,24,22,6,0,0
10,76,838,730,189,36,0
9,57,550,1083,438,64,2
0,7,71,147,125,27,0
0,0,6,7,6,6,0
0,0,0,0,0,0,0
3,4,5,6,7,8,9
0,0,0,0,0,0,0
1,10,22,18,3,0,0
12,79,751,642,172,30,0
7,58,636,1155,441,68,2
0,4,76,166,144,29,0
0,0,4,8,4,6,0
0,0,0,0,0,0,0
3,4,5,6,7,8,9
0,0,0,0,0,0,0
1,11,14,11,2,0,0
8,82,795,664,173,32,0
10,53,617,1166,456,74,1
1,5,62,145,128,27,1
0,0,1,3,5,0,0
0,0,0,0,0,0,0
3,4,5,6,7,8,9
0,0,0,0,0,0,0
1,10,10,8,2,0,0
9,83,751,631,165,31,0
9,54,660,1206,471,79,1
1,4,68,141,122,23,1
0,0,0,3,4,0,0
0,0,0,0,0,0,0
3,4,5,6,7,8,9
1,5,17,13,5,1,0
4,29,113,95,28,2,0
12,80,959,975,256,41,0
6,44,459,928,418,68,2
0,4,43,104,111,25,0
0,0,3,7,6,9,0
0,0,0,0,0,0,0
3,4,5,6,7,8,9
1,2,12,5,3,1,0
2,23,82,88,25,1,1
13,71,795,753,233,33,0
7,58,602,1061,372,67,0
0,8,95,208,182,34,1
0,0,8,7,9,10,0
0,0,0,0,0,0,0
3,4,5,6,7,8,9
1,0,2,1,0,1,0
2,17,39,56,9,1,0
11,79,870,786,191,37,0
7,61,575,1096,477,71,1
2,5,102,173,140,34,1
0,0,6,10,7,2,0
0,0,0,0,0,0,0
3,4,5,6,7,8,9
0,0,0,0,0,0,0
1,16,24,27,2,0,0
14,81,854,764,199,45,0
7,62,660,1164,475,69,1
1,3,54,166,145,30,1
0,0,2,1,3,2,0
0,0,0,0,0,0,0
3,4,5,6,7,8,9
0,0,0,0,0,0,0
1,12,17,22,4,0,0
14,83,905,781,208,43,0
8,64,604,1157,463,71,2
0,3,67,161,144,31,0
0,0,1,1,5,1,0
0,0,0,0,0,0,0
3,4,5,6,7,8,9
0,0,0,0,0,0,0
1,9,14,12,7,1,0
14,83,799,721,180,37,0
8,66,710,1218,479,78,2
0,4,71,169,155,30,0
0,0,0,2,3,0,0
0,0,0,0,0,0,0
3,4,5,6,7,8,9
0,0,0,0,0,0,0
1,7,14,10,2,0,0
13,91,836,748,207,36,0
8,61,677,1231,482,83,1
1,3,67,133,130,27,1
0,0,0,0,3,0,0
0,0,0,0,0,0,0
3,4,5,6,7,8,9
0,0,0,0,0,0,0
1,7,12,9,3,0,0
14,86,779,695,182,35,0
8,67,738,1264,513,84,2
0,2,65,154,123,27,0
0,0,0,0,3,0,0
0,0,0,0,0,0,0
3,4,5,6,7,8,9
1,6,20,17,6,1,0
4,25,115,92,31,3,0
13,92,1023,1024,300,42,0
5,45,491,1018,431,73,4
0,4,45,107,111,27,0
0,0,4,7,4,7,0
0,0,0,0,0,0,0
3,4,5,6,7,8,9
2,5,17,8,7,3,0
2,21,76,90,30,4,1
11,76,857,823,231,40,0
7,66,643,1125,437,61,2
1,4,95,209,171,35,1
0,0,10,10,7,10,0
0,0,0,0,0,0,0
3,4,5,6,7,8,9
1,3,4,2,3,3,0
1,14,40,48,9,2,0
13,85,935,874,228,35,0
6,66,615,1131,501,73,3
2,4,98,200,128,36,1
0,0,6,10,14,4,0
0,0,0,0,0,0,0
3,4,5,6,7,8,9
0,1,0,0,1,0,0
1,17,28,28,6,0,0
14,85,892,825,231,36,0
8,65,720,1268,514,84,3
0,4,57,142,124,31,1
0,0,1,2,7,2,0
0,0,0,0,0,0,0
3,4,5,6,7,8,9
0,0,0,0,0,0,0
2,15,20,27,5,1,0
14,83,915,863,239,35,0
7,69,687,1219,514,86,4
0,5,76,154,120,31,0
0,0,0,2,5,0,0
0,0,0,0,0,0,0
3,4,5,6,7,8,9
0,0,0,0,0,0,0
1,12,15,17,3,1,0
14,88,846,765,213,33,1
8,68,753,1331,535,90,2
0,4,84,148,125,29,1
0,0,0,4,7,0,0
0,0,0,0,0,0,0
3,4,5,6,7,8,9
0,0,0,0,0,0,0
1,6,10,13,0,0,0
13,91,867,816,212,40,0
9,72,743,1304,559,87,4
0,3,78,129,106,26,0
0,0,0,3,6,0,0
0,0,0,0,0,0,0
3,4,5,6,7,8,9
0,0,0,0,0,0,0
1,7,9,12,0,0,0
13,84,816,756,198,37,0
9,76,798,1359,576,93,4
0,5,75,137,105,23,0
0,0,0,1,4,0,0
0,0,0,0,0,0,0
3,4,5,6,7,8,9
0,4,19,7,5,3,0
6,26,114,103,29,4,0
13,104,1107,1107,346,49,0
6,47,520,1069,431,76,5
0,3,41,116,119,26,0
0,0,6,4,1,7,0
0,0,0,0,0,0,0
3,4,5,6,7,8,9
0,4,15,12,2,3,0
3,27,76,91,33,4,1
16,93,895,885,293,46,0
6,57,720,1184,429,69,3
0,3,90,223,165,33,1
0,0,11,11,9,10,0
0,0,0,0,0,0,0
3,4,5,6,7,8,9
0,2,4,4,1,0,0
0,18,45,55,16,3,0
16,100,992,923,266,36,0
9,57,668,1249,501,89,4
0,7,88,161,139,27,1
0,0,10,14,8,10,0
0,0,0,0,0,0,0
3,4,5,6,7,8,9
0,0,0,0,0,0,0
2,16,36,31,10,0,0
13,97,907,888,260,36,1
10,68,787,1344,528,98,4
0,3,76,143,129,28,0
0,0,1,0,4,3,0
0,0,0,0,0,0,0
3,4,5,6,7,8,9
0,0,0,0,0,0,0
2,16,32,30,8,0,0
12,97,952,940,244,39,1
11,68,757,1315,547,101,3
0,3,66,119,132,24,1
0,0,0,2,0,1,0
0,0,0,0,0,0,0
3,4,5,6,7,8,9
0,0,0,0,0,0,0
1,6,16,11,3,0,0
13,104,866,860,254,34,1
11,74,852,1399,567,105,4
0,0,73,134,107,25,0
0,0,0,2,0,1,0
0,0,0,0,0,0,0
3,4,5,6,7,8,9
0,0,0,0,0,0,0
1,9,17,10,3,0,0
13,97,889,919,245,35,0
11,75,841,1364,586,107,5
0,3,60,113,95,22,0
0,0,0,0,2,1,0
0,0,0,0,0,0,0
3,4,5,6,7,8,9
0,0,0,0,0,0,0
1,7,18,10,3,0,0
14,92,856,874,238,37,0
10,84,872,1407,606,110,5
0,1,61,115,81,18,0
0,0,0,0,3,0,0
0,0,0,0,0,0,0
3,4,5,6,7,8,9
0,2,13,14,6,3,0
4,27,116,119,38,3,1
19,112,1154,1172,370,73,0
3,56,593,1123,475,83,4
0,0,43,108,89,17,0
0,0,1,4,3,0,0
0,0,0,0,0,0,0
3,4,5,6,7,8,9
0,2,12,15,3,0,0
2,27,87,102,26,5,0
14,86,901,910,299,47,1
10,79,819,1316,502,100,3
0,3,100,191,142,25,1
0,0,1,6,9,2,0
0,0,0,0,0,0,0
3,4,5,6,7,8,9
0,1,2,4,2,1,0
1,17,33,57,7,1,0
16,101,994,914,265,45,1
9,76,809,1386,578,116,3
0,2,79,163,116,14,1
0,0,3,16,13,2,0
0,0,0,0,0,0,0
3,4,5,6,7,8,9
0,0,0,0,0,0,0
2,6,17,15,0,0,0
15,102,917,881,270,44,1
9,89,921,1531,615,117,3
0,0,65,112,95,16,1
0,0,0,1,1,2,0
0,0,0,0,0,0,0
3,4,5,6,7,8,9
0,0,0,0,0,0,0
1,8,18,11,2,0,0
18,104,943,959,289,44,2
7,84,908,1443,604,120,3
0,1,51,127,86,15,0
0,0,0,0,0,0,0
0,0,0,0,0,0,0
3,4,5,6,7,8,9
0,0,0,0,0,0,0
0,3,7,8,2,0,0
16,104,880,868,271,29,2
10,88,976,1517,626,136,3
0,2,57,147,82,14,0
0,0,0,0,0,0,0
0,0,0,0,0,0,0
3,4,5,6,7,8,9
0,0,0,0,0,0,0
1,1,0,1,0,0,0
15,113,887,870,269,42,0
10,82,983,1544,644,127,5
0,1,50,125,68,10,0
0,0,0,0,0,0,0
0,0,0,0,0,0,0
3,4,5,6,7,8,9
0,0,0,0,0,0,0
1,2,0,1,0,0,0
15,112,887,857,277,40,1
10,82,991,1569,649,129,4
0,1,42,113,55,10,0
0,0,0,0,0,0,0
0,0,0,0,0,0,0
3,4,5,6,7,8,9
0,2,22,24,7,0,0
2,24,84,95,27,2,1
15,123,1221,1384,435,81,2
10,57,642,1071,485,94,2
0,2,57,112,79,11,0
0,0,0,0,0,0,0
0,0,0,0,0,0,0
3,4,5,6,7,8,9
0,2,17,24,4,8,0
0,7,62,74,9,3,0
13,96,852,1032,344,71,2
13,99,999,1368,541,88,3
1,4,96,187,134,17,0
0,0,0,1,1,1,0
0,0,0,0,0,0,0
3,4,5,6,7,8,9
0,2,13,2,0,0,0
0,1,8,7,2,1,0
14,116,993,1131,327,58,2
13,83,913,1365,598,114,3
0,6,99,177,104,14,0
0,0,0,4,2,1,0
0,0,0,0,0,0,0
3,4,5,6,7,8,9
0,0,0,0,0,0,0
0,0,0,1,1,0,0
13,105,819,1049,345,62,1
14,102,1134,1525,614,118,4
0,1,72,107,72,7,0
0,0,1,4,1,1,0
0,0,0,0,0,0,0
3,4,5,6,7,8,9
0,0,0,0,0,0,0
0,0,0,0,0,0,0
12,105,893,1077,336,50,3
15,102,1071,1507,627,129,2
0,1,62,102,70,9,0
0,0,0,0,0,0,0
0,0,0,0,0,0,0
3,4,5,6,7,8,9
0,0,0,0,0,0,0
0,0,0,0,0,0,0
13,93,828,968,304,47,2
14,113,1131,1623,664,131,3
0,2,67,95,65,10,0
0,0,0,0,0,0,0
0,0,0,0,0,0,0
3,4,5,6,7,8,9
0,0,0,0,0,0,0
0,0,0,0,0,0,0
14,94,837,1014,323,57,0
13,113,1129,1595,659,122,5
0,1,57,77,50,9,0
0,0,3,0,1,0,0
0,0,0,0,0,0,0
3,4,5,6,7,8,9
0,0,0,0,0,0,0
0,0,0,0,0,0,0
14,96,833,971,298,59,1
13,112,1144,1661,692,122,4
0,0,47,54,42,7,0
0,0,2,0,1,0,0
0,0,0,0,0,0,0
